2.431614939505519857e+01 2.407879818594100030e+01 3.306405895691609942e+01 2.609126984126979920e+01
1.555760126249339947e+01 1.108276643990929955e+01 2.134353741496600065e+01 5.031179138321999922e+00
1.496580746975280007e+01 1.558956916099769963e+01 2.166950113378679887e+01 1.386054421768709943e+01
1.446607048921620020e+01 1.301020408163270048e+01 1.678004535147389831e+01 7.270408163265310364e+00
1.634665965281429933e+01 1.546201814058959911e+01 2.315759637188210007e+01 1.719104308390020108e+01
2.738032614413469901e+01 1.992630385487530020e+01 2.767857142857139863e+01 1.489512471655329939e+01
3.332456601788530293e+01 2.845804988662129986e+01 4.124149659863950035e+01 2.538265306122449871e+01
2.290899526564970046e+01 2.541099773242629922e+01 2.694160997732430118e+01 2.320011337868480084e+01
1.203314045239349994e+01 1.356292517006800047e+01 2.196712018140589961e+01 6.122448979591839979e+00
1.283534981588639923e+01 1.352040816326529971e+01 1.903344671201810101e+01 1.204648526077100001e+01
