4.660319000000000000e+06 9.452800000000000000e+04 2.479700000000000000e+04 1.017500000000000000e+04
4.709848000000000000e+06 9.697400000000000000e+04 2.574000000000000000e+04 1.152300000000000000e+04
4.536959000000000000e+06 9.070000000000000000e+04 2.603200000000000000e+04 1.008400000000000000e+04
4.576162000000000000e+06 8.947300000000000000e+04 2.597700000000000000e+04 8.771000000000000000e+03
4.519315000000000000e+06 9.106500000000000000e+04 2.474400000000000000e+04 8.009000000000000000e+03
4.349966000000000000e+06 8.721900000000000000e+04 2.406200000000000000e+04 8.274000000000000000e+03
4.283265000000000000e+06 8.403400000000000000e+04 2.534400000000000000e+04 7.689000000000000000e+03
4.247258000000000000e+06 8.814500000000000000e+04 2.723600000000000000e+04 8.035000000000000000e+03
4.141056000000000000e+06 8.517300000000000000e+04 2.612700000000000000e+04 7.981000000000000000e+03
3.817035000000000000e+06 8.390000000000000000e+04 2.768600000000000000e+04 8.645000000000000000e+03
