1.077369999999999983e+01 6.794900000000000162e+00 1.179659999999999975e+01 6.581000000000000405e+00
1.083329999999999949e+01 6.734499999999999709e+00 1.260060000000000002e+01 6.651500000000000412e+00
1.120950000000000024e+01 6.985800000000000232e+00 1.236529999999999951e+01 6.726399999999999935e+00
1.156990000000000052e+01 6.907799999999999940e+00 1.291709999999999958e+01 6.777000000000000135e+00
1.201689999999999969e+01 6.673600000000000421e+00 1.325420000000000087e+01 6.599499999999999922e+00
1.132910000000000039e+01 7.113100000000000200e+00 1.269880000000000031e+01 6.962200000000000166e+00
1.109929999999999950e+01 6.802299999999999791e+00 1.297419999999999973e+01 6.829399999999999693e+00
1.147369999999999912e+01 6.736799999999999677e+00 1.288260000000000005e+01 6.815800000000000303e+00
1.115370000000000061e+01 6.383099999999999774e+00 1.211630000000000074e+01 6.771200000000000330e+00
9.824600000000000222e+00 5.956500000000000128e+00 9.206899999999999196e+00 6.483500000000000263e+00
