-3.178530222552094830e+00 -1.680909833701539569e+00 2.362820712339579998e+01
-3.043471921393339663e+00 -1.808196176710980652e+00 2.305993009136771832e+01
-2.933934444992122526e+00 -1.945206534528719722e+00 2.250840398612968940e+01
-2.848395292666953793e+00 -2.091422536737427063e+00 2.197362909399364739e+01
-2.785444405015447877e+00 -2.246689118155922316e+00 2.145564153560588139e+01
-2.743805668458821678e+00 -2.411164368286891957e+00 2.095452931598062918e+01
-2.722352864390773952e+00 -2.585274681061280777e+00 2.047044611409389248e+01
-2.720119320177399658e+00 -2.769674202377711225e+00 2.000362456235498954e+01
-2.736302102986245099e+00 -2.965217959898109434e+00 1.955438703974951764e+01
-2.770264987023677072e+00 -3.172932883289915740e+00 1.912315979315871317e+01
-2.821537629754452325e+00 -3.393995693964521276e+00 1.871048785126209424e+01
-2.889814444287181150e+00 -3.629721451645055108e+00 1.831704571860909070e+01
-2.974949235691700000e+00 -3.881533000820495793e+00 1.794366856524731091e+01
-3.076950989397314373e+00 -4.150955659678382759e+00 1.759136612152700607e+01
-3.195978135750229931e+00 -4.439599600483305153e+00 1.726134923109779251e+01
-3.332331140227274613e+00 -4.749141515327178986e+00 1.695506121432202562e+01
-3.486444311818595487e+00 -5.081303903971707392e+00 1.667421103100678081e+01
-3.658876608047187950e+00 -5.437830881313966636e+00 1.642080877034188902e+01
-3.850299867399312959e+00 -5.820454190687025964e+00 1.619720832210310846e+01
-4.061484801961310787e+00 -6.230850932636767148e+00 1.600615123751430247e+01
