6.615019154093164211e+00 -3.369663542347526519e+00 1.320915693887688258e+00 2.421815487965419234e+00
6.535994126358082745e+00 -3.379174885927747507e+00 1.524249955353100150e+00 2.577570092391671785e+00
6.453980219389920947e+00 -3.375438084513381565e+00 1.717487928279155529e+00 2.748526478506149395e+00
6.369195751323264432e+00 -3.359905064777155559e+00 1.899687094302413115e+00 2.934097872792232664e+00
6.281798358741728983e+00 -3.334121657889208556e+00 2.070076284643855402e+00 3.133447625244863310e+00
6.191924681532693597e+00 -3.299530112024647188e+00 2.228065179693754505e+00 3.345660562578320452e+00
6.099721517361573753e+00 -3.257311269866032255e+00 2.373260551271796803e+00 3.569862400611816700e+00
6.005269766460803460e+00 -3.208773414993395079e+00 2.505412823886837614e+00 3.804893441558110823e+00
5.908627609422804738e+00 -3.155143784211817515e+00 2.624405116696480356e+00 4.049504787745825674e+00
5.809831282965197907e+00 -3.097564742397674209e+00 2.730253312123319009e+00 4.302361764543307210e+00
5.708895079931080474e+00 -3.037093782498802685e+00 2.823106055854642804e+00 4.562043920357905513e+00
5.605811349288606138e+00 -2.974703525534254211e+00 2.903244756842891849e+00 4.827045026637046377e+00
5.500550496131266343e+00 -2.911281720594455447e+00 2.971083587305342277e+00 5.095773077867521650e+00
5.393060981677742838e+00 -2.847631244841125397e+00 3.027169482724227034e+00 5.366550291575862275e+00
5.283270312660095946e+00 -2.784448099978797497e+00 3.072078257128119994e+00 5.637739129116532411e+00
