1.825000000000000000e+01 2.125000000000000000e+01 1.639999999999999858e+01
1.819999999999999929e+01 2.089999999999999858e+01 1.559999999999999964e+01
1.814999999999999858e+01 2.064999999999999858e+01 1.519999999999999929e+01
1.805000000000000071e+01 2.005000000000000071e+01 1.509999999999999964e+01
1.780000000000000071e+01 1.969999999999999929e+01 1.490000000000000036e+01
1.714999999999999858e+01 1.944999999999999929e+01 1.350000000000000000e+01
1.680000000000000071e+01 1.910000000000000142e+01 1.230000000000000071e+01
1.655000000000000071e+01 1.880000000000000071e+01 1.125000000000000000e+01
1.639999999999999858e+01 1.835000000000000142e+01 1.009999999999999964e+01
1.635000000000000142e+01 1.789999999999999858e+01 8.599999999999999645e+00
